828.125
832.03125
837.890625
833.984375
832.03125
818.359375
845.703125
841.796875
853.515625
853.515625
833.984375
861.328125
845.703125
843.75
835.9375
826.171875
837.890625
837.890625
828.125
814.453125
818.359375
818.359375
810.546875
798.828125
806.640625
812.5
806.640625
798.828125
818.359375
830.078125
839.84375
824.21875
841.796875
843.75
837.890625
824.21875
845.703125
851.5625
851.5625
853.515625
833.984375
853.515625
853.515625
859.375
843.75
843.75
853.515625
859.375
845.703125
843.75
849.609375
847.65625
849.609375
839.84375
837.890625
847.65625
845.703125
826.171875
847.65625
863.28125
835.9375
830.078125
839.84375
843.75
837.890625
820.3125
824.21875
828.125
818.359375
804.6875
810.546875
820.3125
808.59375
812.5
826.171875
835.9375
822.265625
818.359375
837.890625
839.84375
845.703125
826.171875
859.375
845.703125
857.421875
845.703125
832.03125
845.703125
857.421875
853.515625
867.1875
847.65625
845.703125
861.328125
863.28125
871.09375
853.515625
841.796875
849.609375
849.609375
861.328125
841.796875
835.9375
843.75
845.703125
853.515625
843.75
828.125
845.703125
853.515625
849.609375
835.9375
853.515625
837.890625
847.65625
828.125
837.890625
843.75
839.84375
824.21875
830.078125
841.796875
833.984375
824.21875
818.359375
830.078125
826.171875
828.125
818.359375
826.171875
824.21875
826.171875
808.59375
828.125
843.75
832.03125
822.265625
832.03125
839.84375
839.84375
826.171875
818.359375
830.078125
830.078125
833.984375
820.3125
818.359375
822.265625
824.21875
820.3125
808.59375
828.125
837.890625
849.609375
832.03125
851.5625
861.328125
855.46875
837.890625
861.328125
867.1875
855.46875
839.84375
851.5625
849.609375
851.5625
833.984375
843.75
843.75
835.9375
824.21875
835.9375
833.984375
818.359375
814.453125
830.078125
820.3125
810.546875
820.3125
833.984375
826.171875
822.265625
839.84375
841.796875
832.03125
826.171875
839.84375
841.796875
847.65625
841.796875
849.609375
863.28125
845.703125
841.796875
851.5625
853.515625
863.28125
839.84375
865.234375
867.1875
863.28125
847.65625
880.859375
882.8125
884.765625
857.421875
863.28125
865.234375
878.90625
878.90625
873.046875
855.46875
873.046875
871.09375
878.90625
880.859375
871.09375
851.5625
857.421875
878.90625
882.8125
896.484375
890.625
912.109375
904.296875
892.578125
875.0
892.578125
900.390625
894.53125
906.25
894.53125
880.859375
865.234375
884.765625
886.71875
882.8125
882.8125
873.046875
873.046875
875.0
845.703125
837.890625
851.5625
849.609375
851.5625
845.703125
828.125
839.84375
833.984375
820.3125
810.546875
828.125
822.265625
826.171875
818.359375
814.453125
830.078125
828.125
835.9375
837.890625
833.984375
818.359375
818.359375
828.125
832.03125
843.75
839.84375
845.703125
843.75
839.84375
833.984375
822.265625
806.640625
806.640625
814.453125
818.359375
820.3125
804.6875
800.78125
808.59375
810.546875
810.546875
802.734375
808.59375
818.359375
814.453125
802.734375
804.6875
822.265625
818.359375
833.984375
824.21875
818.359375
828.125
830.078125
833.984375
832.03125
833.984375
837.890625
814.453125
818.359375
822.265625
832.03125
835.9375
841.796875
822.265625
824.21875
839.84375
837.890625
833.984375
824.21875
841.796875
835.9375
833.984375
820.3125
814.453125
830.078125
830.078125
835.9375
824.21875
830.078125
837.890625
837.890625
830.078125
816.40625
820.3125
802.734375
802.734375
808.59375
806.640625
798.828125
826.171875
830.078125
841.796875
